mapSize=850
map=[15, 14, 14, 14, 13, 13, 13, 13, 12, 12, 12, 12, 11, 11, 11, 11, 10, 10, 10, 9, 9, 9, 9, 8, 8, 8, 8, 7, 7, 7, 7, 6, 6, 6, 6, 6, 6, 6, 7, 7, 7, 7, 8, 8, 8, 8, 9, 9, 9, 9, 10, 10, 10, 11, 11, 11, 11, 12, 12, 12, 12, 13, 13, 13, 13, 14, 14, 14, 15, 14, 14, 14, 13, 13, 13, 13, 12, 12, 12, 12, 11, 11, 11, 11, 10, 10, 10, 9, 9, 9, 9, 8, 8, 8, 8, 7, 7, 7, 7, 6, 6, 6, 6, 6, 6, 6, 6, 6, 6, 6, 6, 6, 6, 6, 6, 6, 6, 6, 6, 6, 6, 6, 6, 6, 6, 6, 6, 6, 6, 6, 6, 6, 6, 6, 6, 6, 6, 5, 5, 5, 5, 5, 5, 5, 5, 5, 5, 5, 5, 5, 5, 5, 5, 5, 5, 5, 5, 5, 5, 5, 5, 5, 5, 5, 5, 5, 5, 5, 5, 5, 5, 5, 5, 5, 6, 6, 6, 7, 7, 7, 7, 8, 8, 8, 9, 9, 9, 10, 10, 10, 10, 11, 11, 11, 12, 12, 12, 12, 13, 13, 13, 14, 14, 14, 15, 14, 14, 14, 13, 13, 13, 13, 12, 12, 12, 12, 11, 11, 11, 11, 10, 10, 10, 9, 9, 9, 9, 8, 8, 8, 8, 7, 7, 7, 7, 6, 6, 6, 5, 5, 5, 5, 5, 5, 5, 5, 5, 5, 5, 5, 5, 5, 5, 5, 5, 5, 5, 5, 5, 5, 5, 5, 5, 5, 5, 5, 5, 5, 5, 5, 5, 5, 5, 5, 5, 5, 5, 6, 6, 6, 6, 7, 7, 7, 7, 8, 8, 8, 8, 9, 9, 9, 9, 9, 10, 10, 10, 10, 11, 11, 11, 11, 12, 12, 12, 12, 13, 12, 12, 12, 12, 11, 11, 11, 11, 10, 10, 10, 10, 9, 9, 9, 9, 9, 8, 8, 8, 8, 7, 7, 7, 7, 6, 6, 6, 6, 5, 5, 5, 5, 5, 5, 5, 5, 5, 5, 5, 5, 5, 5, 5, 5, 5, 5, 5, 5, 5, 5, 5, 5, 5, 5, 5, 5, 5, 5, 5, 5, 5, 5, 5, 5, 5, 5, 5, 5, 5, 5, 5, 5, 5, 5, 5, 5, 5, 5, 5, 5, 5, 5, 5, 5, 5, 5, 5, 5, 5, 5, 5, 5, 5, 5, 5, 5, 5, 5, 5, 5, 5, 5, 5, 5, 5, 5, 6, 6, 6, 6, 6, 6, 7, 7, 7, 7, 7, 8, 8, 8, 8, 8, 8, 9, 9, 9, 9, 9, 9, 10, 10, 10, 10, 10, 11, 10, 10, 10, 10, 10, 10, 10, 10, 9, 9, 9, 9, 9, 9, 9, 9, 9, 8, 8, 8, 8, 8, 8, 8, 8, 7, 7, 7, 7, 7, 7, 7, 7, 7, 7, 7, 7, 7, 7, 7, 7, 7, 7, 7, 7, 7, 7, 7, 7, 7, 7, 7, 7, 7, 7, 7, 7, 7, 7, 7, 7, 7, 7, 7, 7, 7, 7, 7, 7, 7, 7, 7, 7, 7, 7, 7, 7, 7, 7, 7, 7, 7, 7, 7, 7, 7, 7, 7, 7, 7, 7, 7, 7, 7, 7, 7, 7, 7, 7, 7, 7, 8, 7, 7, 7, 7, 7, 7, 7, 7, 7, 7, 7, 7, 7, 7, 7, 7, 7, 6, 6, 6, 6, 6, 6, 6, 6, 6, 6, 6, 6, 6, 6, 6, 6, 6, 6, 6, 6, 6, 6, 6, 6, 6, 6, 6, 6, 6, 6, 6, 6, 6, 6, 6, 6, 6, 6, 6, 6, 6, 6, 6, 6, 6, 6, 6, 6, 6, 6, 7, 6, 6, 6, 6, 5, 5, 5, 5, 5, 4, 4, 4, 4, 4, 3, 3, 3, 3, 3, 2, 2, 2, 2, 2, 1, 1, 1, 1, 1, 0, 0, 0, 0, 0, 0, 0, 0, 0, 0, 0, 0, 0, 0, 0, 0, 0, 0, 0, 0, 0, 0, 0, 0, 0, 0, 0, 0, 0, 0, 0, 0, 0, 0, 0, 0, 0, 0, 1, 1, 1, 1, 1, 1, 1, 1, 1, 1, 1, 1, 1, 1, 1, 1, 1, 1, 1, 1, 1, 1, 1, 1, 1, 1, 1, 1, 1, 1, 1, 1, 1, 1, 2, 2, 2, 3, 3, 3, 4, 4, 4, 5, 5, 5, 6, 6, 6, 7, 7, 8, 8, 8, 9, 9, 9, 10, 10, 10, 11, 11, 11, 12, 12, 12, 13, 13, 14, 13, 13, 13, 13, 12, 12, 12, 12, 12, 11, 11, 11, 11, 11, 10, 10, 10, 10, 10, 9, 9, 9, 9, 9, 8, 8, 8, 8, 8, 7, 7, 7, 7, 7, 7, 7, 7, 7, 8, 8, 8, 8, 9, 9, 9, 9, 10, 10, 10, 10, 11, 11, 11, 11, 11, 12, 12, 12, 12, 13, 13, 13, 13, 14, 14, 14, 14, 15, 15, 15, 15, 15, 15, 15, 15, 15, 15, 15, 15, 15, 15, 15, 15, 15, 15, 15, 15, 15, 15, 15, 15, 15, 15, 15, 15, 15, 15, 15, 15, 15, 15]
regionWidth=33
delay=32
regions=[{'loc': 0, 'type': 1, 'resource': 6, 'claimed': False}, {'loc': 33, 'type': 0, 'resource': -1, 'claimed': False}, {'loc': 66, 'type': 1, 'resource': 5, 'claimed': False}, {'loc': 99, 'type': 0, 'resource': 3, 'claimed': False}, {'loc': 132, 'type': 0, 'resource': 4, 'claimed': False}, {'loc': 165, 'type': 0, 'resource': 2, 'claimed': False}, {'loc': 198, 'type': 1, 'resource': 0, 'claimed': False}, {'loc': 231, 'type': 0, 'resource': 4, 'claimed': False}, {'loc': 264, 'type': 0, 'resource': 3, 'claimed': False}, {'loc': 297, 'type': 1, 'resource': -1, 'claimed': False}, {'loc': 330, 'type': 0, 'resource': 2, 'claimed': False}, {'loc': 363, 'type': 0, 'resource': -1, 'claimed': False}, {'loc': 396, 'type': 0, 'resource': -1, 'claimed': False}, {'loc': 429, 'type': 1, 'resource': 0, 'claimed': True}, {'loc': 462, 'type': 0, 'resource': -1, 'claimed': False}, {'loc': 495, 'type': 0, 'resource': -1, 'claimed': False}, {'loc': 528, 'type': 0, 'resource': -1, 'claimed': False}, {'loc': 561, 'type': 0, 'resource': -1, 'claimed': False}, {'loc': 594, 'type': 0, 'resource': 2, 'claimed': False}, {'loc': 627, 'type': 2, 'resource': 1, 'claimed': False}, {'loc': 660, 'type': 2, 'resource': 5, 'claimed': False}, {'loc': 693, 'type': 2, 'resource': 1, 'claimed': False}, {'loc': 726, 'type': 1, 'resource': 0, 'claimed': False}, {'loc': 759, 'type': 0, 'resource': 4, 'claimed': False}, {'loc': 792, 'type': 1, 'resource': -1, 'claimed': False}]
units=[{'loc': [506, 2], 'focus': 0, 'grade': 0, 'flipped': False, 'goto': 506, 'prepare': 0, 'power': 1}]
auths=[{'level': 1, 'loc': [511, 2], 'claims': [13], 'threats': [0], 'health': 100}]

unitNums=[0]
mapScroll=449
save='a'
homeLocation=478
storage=[20, 0, 0, 0, 0, 0]
profits=[2, 0, 0, 0, 0, 0]
advancements=[1, 1, 1, 1]
investments=[]

running=0
xy=[119, 25]
consoleOn=0
windowState=-1
history=[0, ['au 0 att', 'u 0 au 0', 'u 0 ', 'h']]
fpsTime=1776205724.857093
options=[0, 500, 1, 0]
status=''
console='au 0 attfffffffffffh'
debug=[2, True]
consoleScroll=0
